0.936777  0.032136  
0.935945  0.032656  
0.915820  0.043130  
0.915820  0.043130  
0.867586  0.068586  
0.855042  0.075410  
0.855042  0.075410  
0.817412  0.095904  
0.811414  0.099592  
0.811414  0.104407  
0.811414  0.104407  
0.766213  0.124668  
0.746543  0.135979  
0.738381  0.140780  
0.723396  0.149490  
0.723396  0.149490  
0.695202  0.166254  
0.689896  0.169527  
0.689896  0.169527  
0.662430  0.187206  
0.647614  0.195260  
0.633151  0.204708  
0.623978  0.210124  
0.610456  0.218751  
0.605412  0.222088  
0.589381  0.232292  
0.580219  0.238282  
0.576437  0.243808  
0.558499  0.252702  
0.547071  0.260366  
0.544300  0.262350  
0.520347  0.278758  
0.518113  0.280201  
0.505881  0.289231  
0.499824  0.293106  
0.489424  0.300520  
0.478742  0.308099  
0.476773  0.309537  
0.461710  0.320508  
0.446477  0.331811  
0.444721  0.333311  
0.434799  0.340607  
0.428303  0.345552  
0.418087  0.353404  
0.404225  0.364213  
0.401263  0.366548  
0.393080  0.373039  
0.379680  0.383819  
0.379506  0.385530  
0.367784  0.393548  
0.360866  0.399279  
0.348346  0.409795  
0.344099  0.413401  
0.336617  0.419813  
0.326406  0.428681  
0.323804  0.430963  
0.310962  0.442361  
0.310947  0.451686  
0.297107  0.454929  
0.293758  0.463454  
0.280981  0.469924  
0.279673  0.471159  
0.268449  0.481879  
0.262552  0.487602  
0.252454  0.497553  
0.245129  0.504898  
0.242710  0.507344  
0.232360  0.517970  
0.222332  0.528479  
0.215315  0.535980  
0.211054  0.540594  
0.198040  0.554984  
0.196442  0.556783  
0.184907  0.569993  
0.180319  0.575360  
0.171102  0.586355  
0.168640  0.589342  
0.157697  0.602890  
0.154596  0.606813  
0.143578  0.621083  
0.138464  0.627893  
0.133195  0.635041  
0.123325  0.648824  
0.120407  0.654807  
0.111088  0.666701  
0.102747  0.679458  
0.098243  0.686563  
0.089791  0.700349  
0.084321  0.709620  
0.076146  0.724055  
0.067524  0.740147  
0.061400  0.752209  
0.055301  0.764839  
0.048219  0.780412  
0.039873  0.800318  
0.032538  0.819616  
0.025286  0.840992  
0.016333  0.872199  
0.008688  0.906792  
