566.608152  566.678081  0.000437  
801.001931  0.000000  0.000807  
801.001787  0.000000  0.000807  
801.001787  0.000000  0.000807  
801.001787  0.000000  0.000807  
801.001787  0.000000  0.000807  
801.001787  0.000000  0.000807  
801.001787  0.000000  0.000807  
801.001787  0.000000  0.000807  
801.001787  0.000000  0.000807  
801.001787  0.000000  0.000807  
801.001964  0.000000  0.000807  
801.001964  0.000000  0.000807  
801.001964  0.000000  0.000807  
801.001964  0.000000  0.000807  
801.001945  0.000000  0.000807  
801.001945  0.000000  0.000807  
801.001945  0.000000  0.000807  
801.001945  0.000000  0.000807  
801.001945  0.000000  0.000807  
801.001945  0.000000  0.000807  
801.001945  0.000000  0.000807  
801.001945  0.000000  0.000807  
0.000235  801.041934  0.000098  
566.229525  566.299407  25.778312  
716.736629  357.365434  16.813530  
759.811825  252.797893  37.200896  
776.253989  193.822733  40.668495  
784.606732  155.645777  43.559422  
790.063725  130.998546  35.694086  
791.702011  110.516398  52.620052  
793.921742  98.316644  55.060565  
794.540219  84.765042  61.111940  
795.687790  71.933802  62.235338  
794.854353  71.858455  72.178165  
795.012108  66.186916  76.785619  
794.074428  59.281137  87.845232  
794.003071  44.711876  97.641443  
792.791815  36.209181  110.154681  
789.478393  46.735883  130.706779  
785.193889  27.139377  156.598681  
776.444213  37.686063  193.413493  
760.099134  33.911264  251.317165  
716.168933  33.260015  357.900957  
566.602303  20.714458  566.242203  
0.000001  0.000001  801.003789  
0.000235  801.041934  0.000098  
357.675305  716.124556  31.141060  
565.542609  565.524505  52.231833  
664.479431  442.993791  71.288802  
712.865452  356.571688  83.603179  
740.029553  295.775209  86.145592  
756.348138  251.524520  83.603612  
766.079886  212.940153  100.006781  
769.824834  192.405570  114.558357  
772.692015  170.410502  128.488596  
775.187982  149.954036  139.454913  
775.454512  135.116647  151.084569  
772.662941  127.873942  171.247494  
771.744390  94.284185  192.846065  
764.203413  106.796827  217.497747  
755.525885  92.302767  249.635171  
741.685381  66.594193  296.340931  
714.246678  80.677104  357.150194  
664.586004  68.915958  442.159646  
565.933315  54.193717  564.689239  
357.619784  35.061827  716.087623  
0.000001  0.000000  801.003789  
0.000957  801.041465  0.000098  
251.829482  760.637022  1.257966  
443.351897  664.246571  62.757292  
562.967509  562.921892  96.501803  
636.193737  477.195673  98.756870  
678.058823  405.707658  135.226871  
704.119326  351.415890  150.870459  
721.160450  308.938927  165.317663  
734.627341  275.499314  164.377763  
737.003308  244.979605  200.275035  
738.393796  221.359729  220.172415  
737.548590  196.505627  245.617560  
731.834471  182.524475  271.679257  
721.834441  164.646225  309.222030  
704.655605  150.138032  352.496060  
677.784784  133.306379  406.569696  
637.417537  91.244665  478.206535  
562.230287  96.049814  562.575957  
442.912118  73.199691  664.118997  
253.276466  0.219854  759.955300  
0.000001  0.000000  801.003789  
0.000957  801.041465  0.000098  
193.268070  776.451317  41.226179  
356.298665  713.368296  76.563137  
475.958899  635.315177  110.827744  
557.051585  557.033753  148.530415  
611.704305  489.276188  172.772182  
647.717290  429.241859  198.661316  
668.396932  382.191207  222.688529  
683.099113  340.218877  244.111675  
688.603624  305.945100  275.180829  
688.671702  275.534272  304.492303  
686.923912  240.240811  343.234284  
671.327014  217.949313  380.773724  
647.062056  194.111393  431.195039  
611.224488  174.112305  488.507359  
557.242553  136.280171  560.292841  
477.041932  100.967307  636.459268  
356.056570  76.783181  713.794153  
193.927357  8.081866  777.357698  
0.000001  0.000000  801.003789  
0.000957  801.041465  0.000098  
156.815559  784.712746  40.952772  
296.618950  742.622714  52.084132  
406.435248  678.166100  133.910191  
489.056653  610.330790  174.303680  
547.201511  546.874866  209.367646  
584.406392  490.856241  245.442790  
613.520624  439.304340  274.143773  
626.417946  390.343642  312.533218  
633.680746  351.831070  347.303546  
628.303873  307.493077  392.654385  
617.531876  257.900007  441.330433  
587.978555  244.504504  489.670152  
541.855693  210.514310  551.674661  
489.537573  143.484565  618.010612  
405.540514  111.964869  681.894481  
295.818503  75.970377  740.915021  
155.783040  42.224513  785.083301  
0.000001  0.000000  801.003789  
0.000957  801.041758  0.000098  
131.296183  789.683702  32.916308  
250.160782  755.336148  99.690390  
351.815882  705.148294  150.417243  
430.315264  646.123178  198.516385  
491.015377  589.581741  236.995081  
529.176955  529.775170  286.253667  
554.749623  476.090264  332.581638  
567.679952  424.369392  378.542818  
569.093702  379.250736  419.445407  
552.052282  333.431877  476.012212  
529.571995  288.814703  528.656675  
491.113888  230.325213  590.810057  
427.992938  199.699446  648.163763  
350.256835  147.332774  705.951340  
248.634191  100.527263  755.008744  
129.664037  41.648250  789.725690  
0.000001  0.000000  801.003789  
0.000957  801.041758  0.000098  
112.254385  792.448603  50.180981  
213.079078  764.701057  109.227500  
309.136705  723.176281  166.753919  
381.883847  669.259134  222.948041  
436.858063  611.880054  278.218236  
472.931368  556.489056  333.941207  
497.243606  496.583059  385.677942  
502.020769  443.244593  444.070326  
497.489771  383.838321  497.932168  
475.768175  325.067873  558.778320  
437.529013  269.938304  615.551260  
382.528088  219.472764  669.017764  
308.485703  159.020092  722.118936  
217.424732  89.254399  765.980448  
111.304064  49.341996  792.412656  
0.000001  0.000000  801.003789  
0.000957  801.041758  0.000098  
96.869452  794.155220  46.962706  
191.991966  769.965583  118.095709  
274.033384  730.681649  181.452227  
341.316113  684.103496  246.718810  
387.545541  628.627339  313.414897  
422.651443  566.828056  378.790818  
441.661799  506.492057  442.151864  
441.896272  440.926614  504.873792  
422.877327  377.441731  566.407782  
391.388016  312.485592  626.382202  
337.516248  248.748790  685.944085  
269.377865  182.459084  732.281295  
192.709322  84.662623  773.504215  
98.810404  0.056717  794.947849  
0.000001  0.000000  801.003789  
0.000957  801.041758  0.000098  
81.596869  794.859066  60.349573  
171.481822  773.552276  125.284146  
243.452848  737.232482  198.433959  
305.865395  690.376720  275.361795  
346.326686  632.652197  351.229323  
375.518042  568.843743  422.433276  
387.325920  497.813793  498.101359  
377.334210  425.199955  567.158511  
351.199701  348.874967  631.021858  
306.367286  269.872058  690.503148  
244.740304  200.143855  736.443865  
172.092914  112.876070  774.536932  
88.006697  0.003682  796.208510  
0.000001  0.000000  801.003789  
0.000957  801.041758  0.000098  
78.792887  796.027778  42.273488  
154.045373  774.976573  139.123567  
220.980846  738.094862  221.082974  
272.641385  688.761971  306.337947  
313.086515  626.907485  391.887571  
334.862825  558.201532  469.108861  
331.274506  475.663997  554.985426  
307.616613  392.443924  628.130956  
271.018001  306.423821  689.480685  
220.963719  220.401378  738.897822  
153.326599  137.394767  774.805597  
78.672974  0.114808  797.132528  
0.000001  0.000000  801.003789  
0.000957  801.041758  0.000098  
68.253246  795.644532  69.638878  
138.362368  774.024411  154.908367  
197.009082  738.739235  246.256375  
245.112774  684.087292  341.464721  
277.349308  613.285282  438.670276  
280.883394  532.874278  531.556814  
266.594359  437.214407  617.211962  
239.649152  336.801707  689.147107  
200.422170  245.588526  736.482034  
140.947219  148.502166  775.945317  
67.774026  71.449058  797.486812  
0.000001  0.000000  801.003789  
0.000957  801.041758  0.000098  
60.938874  795.073661  78.377741  
128.692270  772.587155  170.981213  
182.255855  731.676119  274.201090  
221.260539  670.319883  382.847834  
227.856240  590.722335  491.789539  
243.552217  491.066083  588.188320  
220.619931  383.710143  672.755026  
177.347635  274.638066  732.938736  
126.345256  161.135240  776.025623  
64.279486  74.395757  796.182182  
0.000001  0.000000  801.003789  
0.000957  801.041758  0.000098  
60.938874  795.073661  78.377741  
117.064569  769.495820  191.698239  
159.468744  723.431371  310.194253  
190.208946  650.519020  432.178356  
210.250588  547.708078  547.728177  
199.212888  423.167138  651.736822  
164.568546  308.470709  721.697449  
71.317995  191.560199  774.668494  
44.908425  87.464576  796.191967  
0.000001  0.000000  801.003789  
0.000957  801.041843  0.000098  
51.471460  793.423655  98.498951  
105.643033  765.552015  212.737771  
150.947337  704.926312  352.225948  
165.805078  613.242725  489.501857  
164.046987  489.420104  613.125501  
145.422849  352.956393  706.335561  
106.868075  214.391370  765.433559  
50.002382  97.512384  795.028901  
0.000001  0.000000  801.003807  
0.000957  801.041843  0.000098  
51.471460  793.423655  98.498951  
98.916033  755.045625  250.309051  
132.431497  677.656949  406.673330  
140.366125  559.176681  559.213670  
129.559016  406.631785  679.883929  
85.637233  251.308969  755.911971  
45.998430  111.781423  793.219393  
0.000001  0.000000  801.003807  
0.000957  801.041843  0.000098  
48.328492  789.696744  126.822481  
88.728798  740.073050  295.898420  
115.402670  634.585910  475.747740  
95.092867  477.089125  636.857255  
86.396567  293.877771  741.650276  
49.359655  119.949582  790.699192  
0.000001  0.000000  801.003807  
0.000957  801.041843  0.000098  
39.637129  785.511625  155.648962  
82.517262  713.143973  356.262941  
66.909976  564.266142  564.839845  
79.546335  355.817691  714.534621  
8.877393  155.651673  786.638573  
0.000001  0.000000  801.003807  
0.000957  801.040858  0.000098  
39.212602  777.098527  193.400386  
69.619587  664.696719  443.826926  
71.307119  442.661168  665.338397  
41.575550  193.769728  776.526170  
0.000001  0.000000  801.003787  
0.000957  801.040858  0.000098  
10.565526  761.536329  250.345940  
57.861572  565.889773  565.457028  
34.575654  251.859140  760.261968  
0.000001  0.000000  801.003787  
0.000957  801.040858  0.000098  
32.778056  717.260645  357.575394  
18.580823  334.218886  731.173709  
0.000001  0.000000  801.003787  
0.000957  801.040858  0.000098  
25.864117  565.967459  567.530441  
0.000001  0.000000  801.003787  
0.000957  801.040858  0.000098  
0.000001  0.000000  801.003787  
