21.229803  20.523139  0.000182  
41.758467  0.000110  0.000182  
41.758467  0.000110  0.000182  
41.758467  0.000110  0.000182  
41.758467  0.000110  0.000182  
41.210726  0.000195  0.000526  
41.210726  0.000195  0.000526  
41.210726  0.000195  0.000526  
41.210726  0.000195  0.000526  
41.194088  0.000195  0.000664  
41.194088  0.000195  0.000664  
41.193034  0.000195  0.000762  
41.193034  0.000195  0.000762  
41.193034  0.000195  0.000762  
41.193034  0.000195  0.000762  
41.193034  0.000195  0.000762  
41.193034  0.000195  0.000762  
41.193034  0.000195  0.000762  
41.193034  0.000195  0.000762  
41.193110  0.000195  0.000762  
41.193110  0.000195  0.000762  
41.193110  0.000195  0.000762  
41.193110  0.000195  0.000762  
0.000010  56.422843  0.000339  
0.663904  0.522411  0.020068  
0.781454  0.380214  0.038133  
0.881340  0.286337  0.039766  
0.959881  0.194343  0.053219  
0.959406  0.194247  0.053790  
0.961377  0.100835  0.060128  
0.959067  0.102874  0.063139  
0.959067  0.102874  0.063139  
0.959067  0.102874  0.063139  
0.976486  0.084062  0.062132  
0.976486  0.084062  0.062132  
0.982846  0.078629  0.060752  
0.981369  0.068444  0.102557  
0.972332  0.067209  0.112701  
0.964379  0.065072  0.122762  
0.979949  0.059872  0.158494  
0.990208  0.034755  0.173328  
0.961246  0.025078  0.217628  
0.872532  0.024388  0.300461  
0.773110  0.033124  0.390777  
0.553893  0.017915  0.549329  
0.000126  0.000011  1.120139  
0.000010  56.422843  0.000339  
0.235535  0.869741  0.037426  
0.545186  0.548258  0.028831  
0.679695  0.454821  0.066433  
0.716574  0.324732  0.083407  
0.801667  0.260452  0.060192  
0.768206  0.253574  0.102689  
0.801042  0.221876  0.102447  
0.866190  0.197123  0.133677  
0.868104  0.191885  0.137159  
0.891069  0.068810  0.162478  
0.869173  0.090707  0.162478  
0.862463  0.068176  0.192105  
0.862463  0.068176  0.192105  
0.842534  0.051504  0.230298  
0.827253  0.110287  0.257080  
0.796646  0.081437  0.320170  
0.752536  0.069600  0.375214  
0.666732  0.036371  0.421787  
0.540119  0.033689  0.550482  
0.292411  0.031998  0.800100  
0.000126  0.000011  1.120139  
0.000010  56.422843  0.000339  
0.235535  0.869741  0.037426  
0.433413  0.627965  0.060903  
0.529195  0.532177  0.060903  
0.564572  0.458907  0.102526  
0.664370  0.399061  0.133539  
0.687857  0.311811  0.123195  
0.715163  0.244266  0.165982  
0.707144  0.243566  0.174715  
0.702358  0.230766  0.191596  
0.722302  0.211482  0.192125  
0.699259  0.189403  0.232150  
0.702332  0.163465  0.258615  
0.688845  0.158703  0.275714  
0.661986  0.128603  0.303224  
0.613925  0.119417  0.357811  
0.604975  0.098914  0.422259  
0.519285  0.084262  0.525712  
0.369199  0.071764  0.653048  
0.271476  0.032983  0.818377  
0.000122  0.000015  1.120139  
0.000010  56.422843  0.000339  
0.227280  0.869579  0.047892  
0.344702  0.775617  0.081095  
0.440579  0.582860  0.102522  
0.489887  0.511122  0.124590  
0.545723  0.420325  0.155702  
0.599463  0.330988  0.191416  
0.589997  0.335699  0.193926  
0.626928  0.319706  0.175279  
0.628401  0.233319  0.257742  
0.617044  0.246441  0.263753  
0.609833  0.212584  0.299192  
0.574352  0.201776  0.345490  
0.576161  0.178248  0.368337  
0.547919  0.145234  0.429912  
0.502890  0.115860  0.504402  
0.434650  0.093389  0.592544  
0.356152  0.069228  0.668632  
0.199448  0.032670  0.887623  
0.000113  0.000025  1.120139  
0.000010  56.422843  0.000339  
0.165035  0.957126  0.021377  
0.320416  0.800011  0.081103  
0.368316  0.632941  0.123391  
0.405567  0.561019  0.160345  
0.465627  0.481007  0.175279  
0.500466  0.415243  0.203894  
0.511645  0.375769  0.232227  
0.532032  0.322113  0.266340  
0.528289  0.290762  0.300777  
0.506813  0.274378  0.342831  
0.521720  0.231468  0.367624  
0.503126  0.209437  0.413233  
0.463278  0.186284  0.476232  
0.404456  0.154305  0.534866  
0.363068  0.117838  0.639531  
0.295579  0.091585  0.738032  
0.180546  0.051916  0.888937  
0.000000  0.000001  2.132027  
0.000010  56.422843  0.000339  
0.143731  0.981269  0.019602  
0.214834  0.821959  0.104600  
0.271666  0.708053  0.143731  
0.394088  0.552966  0.175357  
0.365776  0.512748  0.216129  
0.438753  0.445868  0.235037  
0.462432  0.395607  0.267123  
0.431835  0.369636  0.320985  
0.460620  0.286969  0.346266  
0.458783  0.273001  0.363234  
0.413853  0.228108  0.418507  
0.426219  0.183627  0.512318  
0.390642  0.165283  0.593001  
0.316601  0.120787  0.656004  
0.261779  0.056245  0.802578  
0.151369  0.049306  0.920757  
0.000000  0.000001  2.132027  
0.000010  56.423772  0.000339  
0.141943  0.983056  0.019602  
0.214834  0.821959  0.104600  
0.271666  0.708053  0.143731  
0.342192  0.588593  0.189213  
0.363515  0.507572  0.223460  
0.403876  0.441790  0.278072  
0.397471  0.410747  0.315698  
0.407239  0.358469  0.358153  
0.394633  0.321084  0.409236  
0.374849  0.260366  0.459232  
0.375980  0.225396  0.523580  
0.342427  0.201953  0.607252  
0.295022  0.153626  0.675116  
0.210161  0.114114  0.797084  
0.127835  0.055817  0.938506  
0.000000  0.000001  2.132027  
0.000010  56.428185  0.000339  
0.075613  1.045264  0.023724  
0.192869  0.843894  0.119998  
0.256094  0.703142  0.164843  
0.247982  0.630178  0.216512  
0.337481  0.515190  0.257628  
0.326575  0.455994  0.311978  
0.347693  0.381790  0.362091  
0.357395  0.339192  0.397408  
0.325984  0.309381  0.456723  
0.333758  0.268307  0.524179  
0.301825  0.218351  0.604789  
0.254748  0.174184  0.697420  
0.204090  0.112491  0.802617  
0.099420  0.064247  0.930810  
0.000000  0.000001  2.131824  
0.000010  56.428185  0.000339  
0.075613  1.045264  0.023724  
0.181410  0.835938  0.136941  
0.181191  0.766916  0.192236  
0.272441  0.611996  0.239887  
0.234774  0.548568  0.308946  
0.307199  0.432865  0.351655  
0.281633  0.371938  0.372775  
0.250137  0.330344  0.445613  
0.299597  0.299119  0.522380  
0.254217  0.238835  0.600252  
0.232879  0.183975  0.708298  
0.184028  0.119610  0.822818  
0.092960  0.070707  0.930810  
0.000000  0.000001  2.131786  
0.000010  56.428185  0.000339  
0.075613  1.045264  0.023724  
0.158994  0.855139  0.139919  
0.185635  0.737948  0.214578  
0.243989  0.608835  0.257674  
0.234774  0.548568  0.308946  
0.273498  0.435321  0.383275  
0.261160  0.344900  0.420167  
0.249856  0.329972  0.446217  
0.228304  0.264749  0.600252  
0.178794  0.208003  0.704835  
0.156156  0.145189  0.822325  
0.092960  0.070707  0.930810  
0.000000  0.000001  2.131786  
0.000010  56.428185  0.000339  
0.075613  1.045264  0.023724  
0.158994  0.855139  0.139919  
0.174861  0.730374  0.231322  
0.221683  0.563346  0.309865  
0.220443  0.515498  0.360317  
0.194244  0.450387  0.447656  
0.235752  0.358243  0.503028  
0.213318  0.281719  0.560695  
0.153454  0.233277  0.704715  
0.134919  0.162555  0.797636  
0.063507  0.083184  0.942338  
0.000000  0.000001  2.131786  
0.000010  56.428185  0.000339  
0.070532  1.027530  0.103356  
0.145285  0.870126  0.187252  
0.175039  0.698434  0.264691  
0.110457  0.607242  0.346689  
0.204472  0.474103  0.413722  
0.189026  0.405512  0.497513  
0.201034  0.329933  0.594355  
0.156932  0.229325  0.703851  
0.130717  0.167460  0.795125  
0.075449  0.087779  0.928313  
0.000000  0.000001  2.131786  
0.000010  56.428185  0.000339  
0.070009  1.019905  0.111622  
0.060886  0.863897  0.213357  
0.160141  0.677819  0.298261  
0.162340  0.567002  0.365090  
0.155211  0.471235  0.471164  
0.168223  0.369156  0.554519  
0.133873  0.287178  0.671014  
0.093008  0.199517  0.799770  
0.063600  0.083306  0.943718  
0.000000  0.000001  2.131786  
0.000010  56.428185  0.000339  
0.070850  1.008019  0.122559  
0.059363  0.842289  0.236488  
0.113237  0.622522  0.325124  
0.149747  0.523539  0.421252  
0.156635  0.420258  0.552477  
0.142348  0.301627  0.648014  
0.093008  0.199517  0.799770  
0.054956  0.112160  0.925405  
0.000000  0.000001  2.131772  
0.000010  56.428185  0.000339  
0.066595  0.995128  0.139724  
0.059875  0.828396  0.244362  
0.114155  0.594933  0.351795  
0.122720  0.492208  0.445956  
0.079369  0.364618  0.648032  
0.054043  0.260817  0.779624  
0.043218  0.131213  0.923390  
0.000000  0.000001  2.131772  
0.000010  56.428185  0.000339  
0.051682  1.010041  0.139724  
0.023440  0.732221  0.304905  
0.098243  0.540823  0.421817  
0.080373  0.405377  0.608895  
0.063211  0.305065  0.726282  
0.054956  0.112160  0.925405  
0.000000  0.000001  2.131772  
0.000010  56.428185  0.000339  
0.042006  0.905140  0.185589  
0.038158  0.670507  0.340666  
0.049701  0.515138  0.517061  
0.070060  0.338116  0.686301  
0.033216  0.160307  0.900078  
0.000000  0.000001  2.131772  
0.000010  53.966001  0.000325  
0.028530  0.891023  0.217913  
0.019882  0.621066  0.419529  
0.042073  0.440973  0.645991  
0.041538  0.200468  0.855575  
0.000000  0.000001  2.131772  
0.000010  53.966001  0.000325  
0.026560  0.834737  0.275704  
0.049701  0.515138  0.517061  
0.041538  0.200468  0.855575  
0.000000  0.000001  2.131772  
0.000010  53.966001  0.000325  
0.021978  0.686549  0.352659  
0.035942  0.377695  0.743259  
0.000000  0.000001  2.131772  
0.000010  53.966001  0.000325  
0.018262  0.546565  0.517050  
0.000000  0.000001  2.131772  
0.000010  56.428434  0.000339  
0.000000  0.000001  2.131772  
