0.999998  0.006960  
0.999709  0.011105  
0.995576  0.018419  
0.995576  0.018419  
0.987658  0.034178  
0.985830  0.038542  
0.981596  0.045702  
0.981596  0.045702  
0.973729  0.062930  
0.971453  0.067085  
0.963307  0.081433  
0.960846  0.086920  
0.957972  0.093692  
0.950314  0.105853  
0.945877  0.114582  
0.944199  0.119197  
0.944199  0.119197  
0.933181  0.138931  
0.928196  0.148273  
0.927275  0.149120  
0.918360  0.167577  
0.918360  0.167577  
0.909391  0.183911  
0.904357  0.192187  
0.898436  0.203525  
0.893677  0.211680  
0.890631  0.216973  
0.884172  0.231001  
0.879023  0.241295  
0.875781  0.249905  
0.866645  0.258609  
0.866645  0.258586  
0.854892  0.278432  
0.849379  0.288061  
0.843673  0.301613  
0.840599  0.306739  
0.831516  0.318610  
0.824257  0.328913  
0.820456  0.335535  
0.813199  0.351761  
0.805488  0.360121  
0.800053  0.368986  
0.793711  0.378482  
0.784370  0.393873  
0.781010  0.399039  
0.770564  0.413181  
0.762660  0.424279  
0.756813  0.436343  
0.750070  0.444548  
0.741131  0.459902  
0.733230  0.467794  
0.728051  0.476624  
0.719512  0.490797  
0.713596  0.502889  
0.702103  0.513480  
0.694869  0.523634  
0.687921  0.534829  
0.680157  0.549119  
0.672287  0.557851  
0.660875  0.567888  
0.653673  0.579247  
0.644947  0.593457  
0.634888  0.602944  
0.627840  0.610128  
0.617691  0.622730  
0.609219  0.636918  
0.599551  0.646293  
0.591675  0.654283  
0.582187  0.667941  
0.573433  0.677495  
0.562813  0.686911  
0.553617  0.699724  
0.544229  0.708258  
0.533344  0.719695  
0.524840  0.728859  
0.515060  0.739053  
0.505679  0.752139  
0.495113  0.758738  
0.486195  0.768629  
0.474708  0.778023  
0.466095  0.786371  
0.455797  0.795922  
0.445629  0.803967  
0.436220  0.815230  
0.425286  0.821832  
0.415807  0.831058  
0.405862  0.838529  
0.396788  0.845728  
0.385909  0.856574  
0.376016  0.862192  
0.366156  0.870703  
0.356098  0.877172  
0.347538  0.883640  
0.336737  0.890824  
0.327475  0.897067  
0.316463  0.906323  
0.308673  0.909097  
0.298181  0.916721  
0.288885  0.919796  
