0.961389  0.078189  
0.960281  0.080554  
0.960281  0.095807  
0.960281  0.095807  
0.960281  0.095807  
0.960281  0.095807  
0.960281  0.095807  
0.960281  0.095807  
0.960281  0.095807  
0.960281  0.095807  
0.960281  0.095807  
0.960281  0.095807  
0.960281  0.095807  
0.960281  0.095807  
0.874901  0.234820  
0.874901  0.234820  
0.872321  0.241657  
0.872321  0.241657  
0.859487  0.263461  
0.858453  0.280490  
0.858453  0.286290  
0.844634  0.302588  
0.835981  0.306791  
0.835981  0.306791  
0.835981  0.306791  
0.835981  0.306791  
0.835981  0.306791  
0.835981  0.306791  
0.835981  0.306791  
0.835981  0.306791  
0.835981  0.306791  
0.835981  0.306791  
0.835981  0.306791  
0.719756  0.486947  
0.835981  0.306791  
0.689943  0.524225  
0.689943  0.524225  
0.689943  0.524225  
0.689943  0.524225  
0.689581  0.524725  
0.682094  0.535277  
0.668873  0.553925  
0.668847  0.554308  
0.668847  0.571499  
0.668847  0.571499  
0.668847  0.571499  
0.584444  0.658585  
0.584444  0.658585  
0.584444  0.658585  
0.584444  0.658585  
0.576803  0.667445  
0.579095  0.664872  
0.548339  0.699326  
0.542884  0.705279  
0.542884  0.705279  
0.496030  0.754432  
0.496030  0.754432  
0.496030  0.754432  
0.491662  0.758272  
0.447758  0.799515  
0.447758  0.799515  
0.447758  0.799515  
0.447124  0.801715  
0.409253  0.832646  
0.409253  0.832646  
0.408104  0.837937  
0.353588  0.874976  
0.353588  0.874976  
0.353588  0.874976  
0.340803  0.883855  
0.339417  0.884798  
0.287466  0.917364  
0.287466  0.917364  
0.287466  0.917364  
0.283456  0.919653  
0.277308  0.923100  
0.225516  0.949143  
0.225516  0.949143  
0.225516  0.949143  
0.202288  0.959080  
0.202288  0.959080  
0.192375  0.962992  
0.163374  0.973309  
0.163374  0.973309  
0.146790  0.978453  
0.135545  0.981628  
0.135545  0.981628  
0.124036  0.984615  
0.104928  0.988990  
0.079268  0.993717  
0.079268  0.993717  
0.079268  0.993717  
0.058623  0.996564  
0.058623  0.996564  
0.046281  0.997862  
0.027584  0.999239  
0.027584  0.999239  
0.015195  0.999769  
0.006674  0.999956  
