0.651985  -0.457710  
0.648526  -0.451831  
0.648526  -0.446411  
0.648526  -0.446411  
0.643341  -0.430765  
0.642659  -0.426718  
0.641298  -0.416886  
0.640264  -0.410249  
0.639213  -0.401606  
0.638861  -0.398179  
0.637626  -0.386934  
0.636992  -0.382074  
0.635791  -0.370330  
0.635065  -0.363005  
0.634223  -0.353788  
0.633962  -0.351055  
0.632677  -0.336183  
0.632007  -0.327519  
0.631164  -0.317724  
0.630414  -0.308176  
0.629817  -0.300518  
0.628942  -0.289001  
0.628259  -0.279526  
0.627826  -0.271843  
0.626743  -0.257333  
0.625992  -0.246686  
0.625221  -0.235217  
0.624585  -0.225486  
0.624112  -0.218362  
0.623076  -0.201355  
0.622228  -0.187698  
0.621434  -0.175137  
0.620624  -0.162046  
0.619877  -0.149256  
0.619147  -0.135881  
0.453898  -0.124218  
0.453898  -0.124218  
0.453898  -0.124218  
0.453898  -0.124218  
0.453898  -0.124218  
0.453898  -0.124218  
0.453898  -0.124218  
0.453220  -0.124119  
0.447452  -0.114939  
0.444120  -0.102986  
0.441545  -0.090546  
0.439212  -0.076957  
0.437152  -0.063196  
0.435320  -0.049546  
0.433709  -0.036702  
0.431546  -0.017943  
0.429890  -0.002576  
0.428007  0.015931  
0.426401  0.032533  
0.424660  0.051285  
0.422983  0.070074  
0.421303  0.089544  
0.419678  0.108943  
0.417801  0.131972  
0.416009  0.154971  
0.414346  0.175825  
0.412315  0.202317  
0.410354  0.228277  
0.257771  0.242161  
0.257771  0.242161  
0.257771  0.242161  
0.257771  0.242161  
0.257771  0.242161  
0.257771  0.242161  
0.257771  0.242161  
0.257771  0.242161  
0.257771  0.242161  
0.257771  0.242161  
0.251354  0.247520  
0.244473  0.264760  
0.238846  0.286986  
0.233708  0.312812  
0.228875  0.341295  
0.224012  0.373295  
0.219315  0.406624  
0.214434  0.442989  
0.209315  0.482107  
0.203871  0.523751  
0.198036  0.567196  
0.191576  0.612414  
0.184340  0.657725  
0.082988  0.669652  
0.082988  0.669652  
0.082988  0.669652  
0.082988  0.669652  
0.082988  0.669652  
0.082988  0.669652  
0.082988  0.669652  
0.073391  0.674641  
0.061245  0.695061  
0.048344  0.731847  
0.038413  0.768111  
0.026339  0.818317  
0.014036  0.875535  
