0.993575  0.072991  
0.975728  0.082652  
0.973535  0.083753  
0.913382  0.100621  
0.904713  0.111136  
0.882541  0.117732  
0.865790  0.129556  
0.847036  0.137823  
0.832770  0.145985  
0.775517  0.149627  
0.762830  0.157051  
0.762830  0.157051  
0.735273  0.173500  
0.735273  0.173500  
0.702791  0.193053  
0.697001  0.196503  
0.686369  0.203165  
0.686369  0.203165  
0.686369  0.203165  
0.643487  0.230149  
0.640557  0.232034  
0.640557  0.232034  
0.640557  0.232034  
0.639028  0.264175  
0.621980  0.275149  
0.616325  0.279093  
0.553720  0.287735  
0.553720  0.287735  
0.551047  0.290066  
0.547965  0.294931  
0.533903  0.301959  
0.533903  0.301959  
0.516700  0.324998  
0.498752  0.326727  
0.492532  0.331745  
0.480789  0.340360  
0.478889  0.341603  
0.474057  0.355405  
0.448838  0.363054  
0.448838  0.363216  
0.442655  0.372332  
0.408529  0.383035  
0.408529  0.383035  
0.408529  0.383035  
0.408422  0.398993  
0.384629  0.403117  
0.384629  0.405575  
0.384629  0.419178  
0.359117  0.424312  
0.359117  0.424387  
0.358192  0.437044  
0.348224  0.445645  
0.341984  0.451114  
0.334212  0.453785  
0.317782  0.462390  
0.317782  0.468491  
0.310534  0.479300  
0.304288  0.485082  
0.289949  0.490700  
0.289949  0.498626  
0.282537  0.506752  
0.274934  0.512740  
0.265022  0.518404  
0.259333  0.527975  
0.251005  0.532474  
0.243601  0.540201  
0.235628  0.552347  
0.229848  0.554583  
0.223151  0.561714  
0.216401  0.569213  
0.209103  0.581810  
0.202639  0.584897  
0.196492  0.595481  
0.188318  0.601171  
0.182595  0.607980  
0.172678  0.619852  
0.167510  0.626250  
0.162025  0.633318  
0.153894  0.643653  
0.144445  0.656135  
0.139913  0.662387  
0.132428  0.672665  
0.126387  0.681340  
0.118989  0.692013  
0.111381  0.703509  
0.106225  0.711489  
0.096977  0.726290  
0.091476  0.735016  
0.081492  0.752917  
0.076709  0.761779  
0.068331  0.777426  
0.061394  0.791318  
0.054871  0.805192  
0.048046  0.820569  
0.040896  0.837718  
0.033296  0.858064  
0.025279  0.882093  
0.014964  0.919810  
0.005226  0.970841  
