0.892066  0.0625756  
0.877744  0.0701923  
0.877744  0.0701923  
0.877744  0.0701923  
0.892066  0.0625756  
0.806848  0.107766  
0.79715  0.11438  
0.7922  0.117172  
0.7922  0.117172  
0.7922  0.117172  
0.743112  0.14416  
0.743112  0.144165  
0.743112  0.144165  
0.696364  0.17186  
0.694457  0.174485  
0.67362  0.187056  
0.669071  0.189925  
0.648598  0.202556  
0.648598  0.202556  
0.639045  0.208675  
0.648598  0.202556  
0.60705  0.228934  
0.6015  0.232531  
0.594196  0.237366  
0.572466  0.250152  
0.572466  0.250152  
0.551632  0.263983  
0.551632  0.263983  
0.539852  0.27235  
0.539852  0.27235  
0.539852  0.272132  
0.500157  0.299776  
0.500157  0.299776  
0.488067  0.308423  
0.476746  0.316587  
0.47401  0.318536  
0.464391  0.325638  
0.45238  0.334839  
0.448214  0.337709  
0.433327  0.348947  
0.425838  0.354473  
0.422605  0.357011  
0.416044  0.362217  
0.395852  0.378293  
0.395045  0.378607  
0.387194  0.385393  
0.378952  0.391623  
0.366431  0.402049  
0.359428  0.408244  
0.356317  0.410883  
0.339904  0.424794  
0.338718  0.426579  
0.322954  0.439152  
0.322743  0.439415  
0.311166  0.450232  
0.311166  0.450232  
0.30026  0.460862  
0.295615  0.46471  
0.287468  0.473929  
0.280288  0.4783  
0.272546  0.48563  
0.261974  0.494048  
0.25834  0.499497  
0.253234  0.505738  
0.246683  0.511618  
0.236666  0.522398  
0.231264  0.52888  
0.223185  0.537848  
0.216758  0.542565  
0.208551  0.549505  
0.201798  0.557023  
0.193881  0.56977  
0.186879  0.57404  
0.18389  0.581571  
0.174604  0.58848  
0.168321  0.596049  
0.161515  0.606291  
0.154496  0.614676  
0.142633  0.628848  
0.142633  0.628851  
0.134314  0.639509  
0.129144  0.649613  
0.121734  0.65722  
0.110518  0.675621  
0.104555  0.684739  
0.101326  0.690077  
0.0937375  0.702386  
0.083679  0.719252  
0.0814016  0.727344  
0.0743641  0.740199  
0.0655727  0.752334  
0.0584954  0.766594  
0.0496203  0.785915  
0.046578  0.793098  
0.0380628  0.818208  
0.0320983  0.837292  
0.0231886  0.861029  
0.015913  0.893375  
0.00858263  0.926222  
9.98392e-06  1.5481  
