0.508038  0.50781  9.0498e-09  
1.01108  4.63306e-06  2.03622e-10  
1.01108  4.63306e-06  2.03622e-10  
1.01108  4.63306e-06  2.03622e-10  
1.01106  4.52697e-06  2.03618e-10  
1.01102  4.52681e-06  2.03611e-10  
1.01102  4.52681e-06  2.03611e-10  
1.01102  4.52681e-06  2.03611e-10  
1.01102  4.52681e-06  2.03611e-10  
1.01101  4.52676e-06  2.03608e-10  
1.01101  4.52676e-06  2.03608e-10  
1.01101  4.52676e-06  2.03608e-10  
1.01101  4.52676e-06  2.03608e-10  
1.01101  4.52676e-06  2.03608e-10  
1.01101  4.52676e-06  2.03608e-10  
1.01095  8.16896e-09  2.03596e-10  
1.01095  8.16896e-09  2.03596e-10  
1.01095  8.16896e-09  2.03596e-10  
1.01095  8.16896e-09  2.03596e-10  
1.01095  8.16896e-09  2.03596e-10  
1.01095  8.16896e-09  2.03596e-10  
1.01095  8.16896e-09  2.03596e-10  
1.01096  8.16907e-09  2.03598e-10  
0.500277  2.27015e-06  0.52407  
6.67664e-06  1.01104  3.10512e-09  
0.498895  0.491916  0.0236988  
0.653571  0.32657  0.0314535  
0.735531  0.24426  0.0340505  
0.778212  0.192021  0.0424727  
0.810893  0.156363  0.0454481  
0.821433  0.139672  0.0523043  
0.839811  0.119416  0.0534433  
0.859475  0.0992547  0.0535459  
0.866289  0.0944378  0.0498603  
0.858118  0.0819432  0.0715125  
0.862747  0.0777932  0.0730201  
0.866935  0.0611705  0.0869394  
0.862584  0.0637231  0.0877208  
0.852051  0.0524375  0.106445  
0.839349  0.0556091  0.119266  
0.827337  0.0504858  0.135883  
0.810691  0.0424818  0.160291  
0.778098  0.0412652  0.194132  
0.732946  0.0344379  0.244128  
0.662465  0.0211922  0.329598  
0.492106  0.0228592  0.495594  
1.63478e-05  4.30486e-10  1.01073  
6.6336e-06  1.00452  3.08511e-09  
0.326866  0.654566  0.0326508  
0.482945  0.48128  0.0495356  
0.56759  0.381482  0.063308  
0.627614  0.313404  0.0726295  
0.665835  0.261946  0.0833473  
0.690722  0.230323  0.0911051  
0.710598  0.201935  0.100839  
0.721039  0.179436  0.110208  
0.736773  0.151866  0.122822  
0.735736  0.144142  0.133593  
0.743314  0.120601  0.148153  
0.731829  0.121624  0.161766  
0.720892  0.110669  0.179738  
0.714029  0.0965095  0.203636  
0.696758  0.0886808  0.228093  
0.669361  0.0783286  0.265786  
0.633768  0.0590583  0.319186  
0.566785  0.0619451  0.382026  
0.482677  0.0454623  0.482399  
0.324517  0.0302404  0.658711  
1.63215e-05  2.21794e-08  1.01045  
6.6336e-06  1.00452  3.08511e-09  
0.240216  0.735901  0.0373276  
0.381183  0.581416  0.0498392  
0.467068  0.466971  0.0776586  
0.524703  0.393118  0.0978998  
0.562794  0.336172  0.112263  
0.591289  0.295642  0.124323  
0.610632  0.260448  0.140194  
0.63012  0.223952  0.157914  
0.634942  0.20425  0.172463  
0.640279  0.189372  0.183608  
0.630905  0.170807  0.20998  
0.636083  0.143403  0.233307  
0.620367  0.127789  0.265952  
0.585844  0.127339  0.298971  
0.558372  0.113541  0.340783  
0.524355  0.0957742  0.392956  
0.466568  0.0820338  0.464284  
0.381592  0.0585655  0.570658  
0.247703  0.0144383  0.749243  
1.63215e-05  2.21794e-08  1.01045  
6.6336e-06  1.00452  3.08511e-09  
0.19254  0.778268  0.0429781  
0.318612  0.637054  0.0576031  
0.391739  0.526094  0.0985881  
0.447434  0.449127  0.116701  
0.477473  0.396884  0.140195  
0.510997  0.343692  0.158064  
0.531941  0.304569  0.177748  
0.545239  0.2725  0.196218  
0.550461  0.242938  0.221185  
0.555738  0.209179  0.247975  
0.544525  0.195799  0.27349  
0.526928  0.179516  0.307779  
0.516201  0.155119  0.342716  
0.47841  0.14076  0.394708  
0.449637  0.10721  0.455945  
0.391347  0.0928381  0.52696  
0.310279  0.073987  0.628194  
0.192115  0.0423365  0.779647  
1.63215e-05  2.21794e-08  1.01045  
6.6336e-06  1.00452  3.08511e-09  
0.162511  0.819554  0.0320434  
0.264951  0.667047  0.0806448  
0.337272  0.5647  0.112525  
0.394397  0.493827  0.126161  
0.424411  0.426018  0.163712  
0.451616  0.375391  0.187618  
0.456374  0.34069  0.216834  
0.465307  0.301626  0.245215  
0.481627  0.263826  0.267709  
0.477245  0.239304  0.300382  
0.472364  0.214327  0.329227  
0.447498  0.192409  0.376675  
0.433141  0.147569  0.43111  
0.378471  0.141  0.493737  
0.337943  0.109008  0.563888  
0.264555  0.0758707  0.671872  
0.15643  0.0284053  0.825668  
1.63215e-05  2.21794e-08  1.01045  
6.6336e-06  1.00452  3.08511e-09  
0.13136  0.829726  0.0514181  
0.230256  0.690472  0.0919218  
0.296652  0.593115  0.123654  
0.342557  0.511446  0.158286  
0.373749  0.45211  0.187327  
0.397455  0.398959  0.217296  
0.411598  0.353421  0.248008  
0.419426  0.314469  0.279805  
0.418326  0.278174  0.314356  
0.400669  0.251807  0.359734  
0.400587  0.217948  0.39253  
0.376868  0.182852  0.456108  
0.341678  0.157217  0.512934  
0.296252  0.123207  0.593649  
0.229051  0.088618  0.695257  
0.126885  0.0517812  0.831581  
6.5685e-07  5.70119e-06  1.00832  
6.67424e-06  1.01068  3.10401e-09  
0.118932  0.840229  0.0538396  
0.202315  0.709577  0.101652  
0.26617  0.620809  0.12538  
0.303758  0.536327  0.173002  
0.343726  0.48096  0.187091  
0.354628  0.41367  0.245361  
0.36621  0.36424  0.281885  
0.367034  0.323019  0.32286  
0.366836  0.284714  0.359833  
0.354808  0.242695  0.414885  
0.322575  0.214953  0.475311  
0.302674  0.175913  0.53825  
0.262006  0.13784  0.6133  
0.196482  0.100927  0.713324  
0.118495  0.0555143  0.839454  
6.5685e-07  5.70119e-06  1.00832  
6.67424e-06  1.01068  3.10401e-09  
0.0982359  0.854406  0.0610198  
0.171664  0.727753  0.112951  
0.226393  0.629394  0.156993  
0.272215  0.54546  0.195312  
0.298042  0.47841  0.234979  
0.317553  0.423346  0.275098  
0.318848  0.370344  0.323754  
0.322893  0.322038  0.368865  
0.314536  0.280335  0.418722  
0.299639  0.230753  0.481962  
0.271746  0.190645  0.550712  
0.234135  0.150733  0.62305  
0.179712  0.108111  0.724717  
0.105886  0.0533328  0.853855  
6.5685e-07  5.70119e-06  1.00832  
6.67424e-06  1.01068  3.10401e-09  
0.0941562  0.856122  0.0633095  
0.161366  0.731997  0.120789  
0.196809  0.643387  0.173869  
0.241212  0.553087  0.218135  
0.266258  0.480141  0.266854  
0.281571  0.420381  0.308907  
0.282654  0.363276  0.36505  
0.27991  0.314237  0.422103  
0.266879  0.265595  0.480047  
0.244936  0.218302  0.552411  
0.204224  0.169997  0.636116  
0.158338  0.120506  0.733698  
0.0948021  0.0619508  0.853826  
6.5685e-07  5.70119e-06  1.00832  
6.67424e-06  1.01068  3.10401e-09  
0.0858421  0.862162  0.0631917  
0.143257  0.740676  0.130693  
0.189027  0.633549  0.188952  
0.216836  0.550771  0.244581  
0.23752  0.475147  0.298204  
0.250062  0.416298  0.345517  
0.24787  0.346614  0.413644  
0.238133  0.297454  0.47527  
0.219934  0.243785  0.549833  
0.190952  0.184057  0.637678  
0.146886  0.131107  0.733265  
0.0807451  0.0703369  0.858967  
3.13983e-06  3.21443e-06  1.00772  
6.67429e-06  1.01068  3.10403e-09  
0.0693679  0.868222  0.074562  
0.133561  0.736107  0.144397  
0.168309  0.63179  0.212605  
0.196109  0.544722  0.270965  
0.198754  0.473462  0.339984  
0.206746  0.398865  0.404551  
0.21262  0.334285  0.466029  
0.197767  0.27222  0.542331  
0.169701  0.205613  0.634799  
0.132651  0.147224  0.734398  
0.0773378  0.0758417  0.858314  
3.13983e-06  3.21443e-06  1.00772  
6.67429e-06  1.01068  3.10403e-09  
0.0713279  0.859917  0.0854907  
0.105125  0.743116  0.16526  
0.156225  0.625744  0.229977  
0.171256  0.536885  0.307096  
0.190327  0.439177  0.384007  
0.187334  0.375788  0.450317  
0.176952  0.301675  0.529599  
0.155676  0.233489  0.623064  
0.117048  0.161958  0.732084  
0.0703114  0.0857709  0.856209  
3.13983e-06  3.21443e-06  1.00772  
6.67324e-06  1.01052  3.10354e-09  
0.0659587  0.858993  0.0872007  
0.105329  0.728069  0.179006  
0.132634  0.614061  0.263607  
0.155682  0.514515  0.342444  
0.164422  0.420739  0.427784  
0.152871  0.342937  0.517365  
0.132277  0.262847  0.613122  
0.110566  0.180047  0.721976  
0.0653458  0.0900067  0.85485  
3.13983e-06  3.21443e-06  1.00772  
6.67324e-06  1.01052  3.10354e-09  
0.0559461  0.851251  0.106659  
0.101035  0.710218  0.199192  
0.126214  0.587799  0.297515  
0.138867  0.485213  0.388739  
0.140347  0.378862  0.492003  
0.126724  0.292845  0.592656  
0.0896931  0.20174  0.719243  
0.0519952  0.101118  0.85794  
3.13983e-06  3.21443e-06  1.00772  
6.67324e-06  1.01052  3.10354e-09  
0.052797  0.840373  0.119638  
0.0822916  0.697725  0.232539  
0.11129  0.565212  0.33696  
0.112193  0.449868  0.449409  
0.108906  0.337015  0.565765  
0.0882823  0.229236  0.694856  
0.0510647  0.116754  0.842495  
3.13983e-06  3.21443e-06  1.00772  
6.67466e-06  1.01074  3.1042e-09  
0.0517687  0.831956  0.12795  
0.0788626  0.667575  0.266367  
0.0956247  0.521966  0.394905  
0.0916648  0.393814  0.525372  
0.0724698  0.268614  0.671159  
0.0518254  0.131308  0.831585  
5.36539e-07  5.81888e-06  1.0079  
6.67466e-06  1.01074  3.1042e-09  
0.0475223  0.818802  0.146339  
0.0697591  0.625829  0.312382  
0.0809856  0.466103  0.465478  
0.0731576  0.314167  0.625175  
0.0393214  0.16138  0.81433  
5.36539e-07  5.81888e-06  1.0079  
6.67466e-06  1.01074  3.1042e-09  
0.0385414  0.777116  0.195467  
0.0615099  0.57002  0.380631  
0.0492637  0.377829  0.584508  
0.0213639  0.196879  0.790552  
5.36539e-07  5.81888e-06  1.0079  
6.67466e-06  1.01074  3.1042e-09  
0.0370524  0.731598  0.242619  
0.0469573  0.48204  0.481592  
0.0330652  0.246355  0.733486  
5.36539e-07  5.81888e-06  1.0079  
6.67466e-06  1.01074  3.1042e-09  
0.0328614  0.648869  0.328986  
0.0323005  0.325915  0.652627  
1.09973e-06  5.25717e-06  1.00813  
6.67466e-06  1.01074  3.1042e-09  
0.0220256  0.494464  0.492236  
1.09973e-06  5.25717e-06  1.00813  
6.67466e-06  1.01074  3.1042e-09  
1.09973e-06  5.25717e-06  1.00813  
3.10496e-06  0.519798  0.497068  
